-.002379722818754093
1.0649844502525885
3.94005011570508
-2.3663075884019973
1.7665098560963077
1.9696602660665292
2.9923160095365744
1.9739210405789507
-.9253157560251539
.5826369195206109
4.850960220697553
1.6025158397642074
1.0594560257621355
1.8183177954160832
-.27353981541468464
4.6537814135368105
2.2401006190749095
.8848000656896016
2.9625988158088217
-.5491421503896659
1.9895915628964245
1.0353271865749534
-.5773187061886795
-1.4193445058996605
-1.9074258001086566
-2.911689597633753
.057731045648016455
1.1347776241489378
-.642609840227844
3.3982403504359766
2.507558551212645
3.3238436753256506
-.2525751017284996
2.1080422632436826
.015884660457417876
.8032195064858025
-2.291256890170205
2.1965957312970565
.3654009366182289
2.1230444048355026
-1.3319699364808555
-.8323508293207444
1.0391875786993707
2.3032361477615524
-1.366413212513264
2.0458657674770464
4.376126945568336
1.2350327677844555
-2.2727144899115004
.9160162459547294
-.2777860460765744
-1.30857123132283
-1.1146875191863472
.4287926462086862
.6748917768208815
2.0548405091452544
3.2424703220763416
1.4464785708789776
2.686092459039479
.569624164597557
.5559974839367745
2.287506489677776
-.44078936815649605
1.536479131721153
-.8532709822596312
.9398358772001498
3.856981042433971
1.0360581533690867
2.7627842587773968
.8513984268044061
.042289184347397146
2.0013078485976568
.8166910583444886
1.5453884358749415
3.9544165858070244
3.1696826897915384
.9429268925636731
2.1527974095906317
-1.1742229839646
2.0747081407484362
-3.1565201664183222
3.6856477036896926
1.275023278369491
6.251931969381387
3.027302681148043
1.0160325134484132
-.39142851886704566
.6767808892218805
3.1099134676104487
.7512650305511861
1.9718053811417557
-.07246984453636651
.6961756490652029
2.375967503347554
5.788569994730425
.362332756061724
3.71759826248394
1.072207003530559
-.545213770979327
.07147199801400816
